[LEFT_CAM_2K]
fx=1399.65
fy=1399.65
cx=1206.23
cy=600.586
k1=-0.172047
k2=0.0239125

[RIGHT_CAM_2K]
fx=1400.61
fy=1400.61
cx=1199.14
cy=627.782
k1=-0.17579
k2=0.0278199

[LEFT_CAM_FHD]
fx=1399.65
fy=1399.65
cx=1062.23
cy=519.586
k1=-0.172047
k2=0.0239125

[RIGHT_CAM_FHD]
fx=1400.61
fy=1400.61
cx=1055.14
cy=546.782
k1=-0.17579
k2=0.0278199

[LEFT_CAM_HD]
fx=699.823
fy=699.823
cx=689.614
cy=348.293
k1=-0.172047
k2=0.0239125

[RIGHT_CAM_HD]
fx=700.305
fy=700.305
cx=686.068
cy=361.891
k1=-0.17579
k2=0.0278199

[LEFT_CAM_VGA]
fx=699.823
fy=699.823
cx=369.614
cy=228.293
k1=-0.172047
k2=0.0239125

[RIGHT_CAM_VGA]
fx=700.305
fy=700.305
cx=366.068
cy=241.891
k1=-0.17579
k2=0.0278199

[STEREO]
Baseline=120
CV_2K=0.00476891
CV_FHD=0.00476891
CV_HD=0.00476891
CV_VGA=0.00476891
RX_2K=-0.00280364
RX_FHD=-0.00280364
RX_HD=-0.00280364
RX_VGA=-0.00280364
RZ_2K=-0.00257193
RZ_FHD=-0.00257193
RZ_HD=-0.00257193
RZ_VGA=-0.00257193



